758
517.3 0 318.6 0 516.5 255.3 0 0 1 0.727618 -0.67711 0.109955 0.558651 0.49188 -0.667801 0.398093 0.54733 0.736172 0.4388 -0.4332 1.4779 640 480
517.3 0 318.6 0 516.5 255.3 0 0 1 0.722912 -0.684415 0.0947282 0.564541 0.506043 -0.652083 0.39836 0.524876 0.752206 0.398011 0.420192 0.958232 640 480
517.3 0 318.6 0 516.5 255.3 0 0 1 0.719899 -0.689495 0.0796343 0.569167 0.520779 -0.636267 0.397232 0.503373 0.767347 0.463627 1.37548 0.669934 640 480
517.3 0 318.6 0 516.5 255.3 0 0 1 0.713586 -0.697162 0.0689861 0.576862 0.528851 -0.622532 0.397523 0.484025 0.779547 0.531821 2.30176 0.299314 640 480
517.3 0 318.6 0 516.5 255.3 0 0 1 -0.767348 0.614789 0.182195 -0.139511 0.117263 -0.983249 -0.625858 -0.77992 -0.00420387 0.396936 3.18943 -0.140954 640 480
517.3 0 318.6 0 516.5 255.3 0 0 1 -0.754506 0.625907 0.197345 -0.135615 0.145517 -0.980013 -0.642116 -0.766197 -0.0249046 0.566512 2.34377 -0.647005 640 480
517.3 0 318.6 0 516.5 255.3 0 0 1 -0.736973 0.637832 0.223668 -0.150065 0.168253 -0.974251 -0.659043 -0.751568 -0.028275 0.905537 2.66697 -1.53052 640 480
517.3 0 318.6 0 516.5 255.3 0 0 1 -0.732133 0.64119 0.229878 -0.140122 0.188494 -0.972023 -0.666584 -0.743868 -0.0481516 0.750904 3.01483 -2.45523 640 480
517.3 0 318.6 0 516.5 255.3 0 0 1 -0.727466 0.647031 0.228322 -0.121353 0.206191 -0.970954 -0.675318 -0.73405 -0.0714721 0.356996 3.90105 -2.69903 640 480
517.3 0 318.6 0 516.5 255.3 0 0 1 -0.722309 0.653492 0.226286 -0.104021 0.220824 -0.969748 -0.683693 -0.724002 -0.0915212 0.0252593 4.76119 -3.08646 640 480
517.3 0 318.6 0 516.5 255.3 0 0 1 -0.71304 0.665323 0.221149 -0.0874556 0.22856 -0.969591 -0.695638 -0.710704 -0.104782 -0.29976 5.64024 -3.43522 640 480
517.3 0 318.6 0 516.5 255.3 0 0 1 -0.701677 0.681924 0.206442 -0.0721655 0.220238 -0.97277 -0.708823 -0.697474 -0.10532 -0.642711 6.50714 -3.79698 640 480
517.3 0 318.6 0 516.5 255.3 0 0 1 -0.693498 0.694783 0.190595 -0.0485795 0.218854 -0.974545 -0.718811 -0.685109 -0.118018 -1.50308 6.99744 -3.65786 640 480
517.3 0 318.6 0 516.5 255.3 0 0 1 -0.687866 0.705079 0.172315 -0.0296997 0.209866 -0.977276 -0.725222 -0.677358 -0.123415 -2.02944 6.19601 -3.37385 640 480
517.3 0 318.6 0 516.5 255.3 0 0 1 -0.676317 0.721632 0.147753 -0.0166879 0.185528 -0.982495 -0.736414 -0.666949 -0.113429 -2.4419 5.3252 -3.10636 640 480
517.3 0 318.6 0 516.5 255.3 0 0 1 -0.677923 0.731707 0.0708104 0.0248047 0.119041 -0.992576 -0.734707 -0.671139 -0.0988451 -1.87465 6.10248 -3.3785 640 480
517.3 0 318.6 0 516.5 255.3 0 0 1 -0.672372 0.740015 0.016794 0.0488136 0.0669715 -0.996557 -0.738594 -0.669243 -0.0811471 -2.67941 6.6944 -3.33401 640 480
517.3 0 318.6 0 516.5 255.3 0 0 1 -0.662894 0.746211 -0.0610604 0.0838631 -0.00703299 -0.996449 -0.743993 -0.665667 -0.0579113 -3.2472 7.51696 -3.36554 640 480
517.3 0 318.6 0 516.5 255.3 0 0 1 -0.647164 0.750109 -0.136021 0.12609 -0.07064 -0.989496 -0.751842 -0.657524 -0.0488587 -3.80638 8.3421 -3.44582 640 480
517.3 0 318.6 0 516.5 255.3 0 0 1 -0.64048 0.748907 -0.170033 0.156333 -0.0896196 -0.983626 -0.751886 -0.656581 -0.0596723 -4.65007 7.84347 -3.24697 640 480
517.3 0 318.6 0 516.5 255.3 0 0 1 -0.621861 0.747329 -0.234039 0.186193 -0.149183 -0.971116 -0.760663 -0.647482 -0.0463685 -5.28326 8.61391 -3.17291 640 480
517.3 0 318.6 0 516.5 255.3 0 0 1 -0.606578 0.737677 -0.296446 0.221967 -0.200904 -0.954126 -0.763399 -0.644561 -0.041868 -5.42055 9.58997 -3.00428 640 480
517.3 0 318.6 0 516.5 255.3 0 0 1 -0.581579 0.73552 -0.347506 0.244842 -0.249099 -0.937011 -0.77576 -0.630038 -0.0352067 -5.61138 10.5709 -3.04225 640 480
517.3 0 318.6 0 516.5 255.3 0 0 1 -0.55636 0.736072 -0.385547 0.252861 -0.292001 -0.92238 -0.791524 -0.610672 -0.0236579 -6.27268 11.1863 -2.6134 640 480
517.3 0 318.6 0 516.5 255.3 0 0 1 -0.53393 0.727606 -0.43069 0.265347 -0.339443 -0.902417 -0.802805 -0.596117 -0.0118199 -6.62995 12.1077 -2.46068 640 480
517.3 0 318.6 0 516.5 255.3 0 0 1 -0.508139 0.73314 -0.45198 0.261809 -0.368458 -0.89201 -0.82051 -0.571604 -0.00470623 -7.50618 12.363 -2.05199 640 480
517.3 0 318.6 0 516.5 255.3 0 0 1 -0.503039 0.734082 -0.456138 0.255706 -0.377729 -0.889901 -0.825563 -0.564298 0.00231132 -8.30725 12.8457 -1.69803 640 480
517.3 0 318.6 0 516.5 255.3 0 0 1 -0.497001 0.720908 -0.482978 0.258555 -0.408272 -0.875471 -0.828327 -0.559993 0.016526 -8.99331 12.6543 -0.996124 640 480
517.3 0 318.6 0 516.5 255.3 0 0 1 -0.483927 0.720489 -0.496686 0.259331 -0.424002 -0.867731 -0.835792 -0.548731 0.0183491 -9.5602 13.4194 -0.69062 640 480
517.3 0 318.6 0 516.5 255.3 0 0 1 -0.498673 0.728413 -0.469816 0.253412 -0.395815 -0.882667 -0.828912 -0.559225 0.0128014 -10.442 13.6544 -0.281675 640 480
517.3 0 318.6 0 516.5 255.3 0 0 1 -0.497747 0.703666 -0.507038 0.259332 -0.437106 -0.861203 -0.827635 -0.56016 0.0350944 -10.0615 12.8744 -0.778553 640 480
517.3 0 318.6 0 516.5 255.3 0 0 1 -0.488225 0.674271 -0.554055 0.26793 -0.48839 -0.830465 -0.830561 -0.55391 0.0577983 -9.55486 12.2119 -1.33023 640 480
517.3 0 318.6 0 516.5 255.3 0 0 1 -0.474915 0.64222 -0.601656 0.278331 -0.538959 -0.795006 -0.834846 -0.545029 0.0772243 -8.72842 11.9512 -1.82922 640 480
517.3 0 318.6 0 516.5 255.3 0 0 1 -0.466197 0.620712 -0.630361 0.292276 -0.564448 -0.771978 -0.834993 -0.544143 0.0817409 -9.53232 12.3601 -1.39732 640 480
517.3 0 318.6 0 516.5 255.3 0 0 1 -0.464062 0.599554 -0.652039 0.296943 -0.588202 -0.752206 -0.834533 -0.542701 0.0949481 -9.22124 13.3059 -1.4903 640 480
517.3 0 318.6 0 516.5 255.3 0 0 1 -0.453749 0.56814 -0.68651 0.309955 -0.621645 -0.719339 -0.835468 -0.539201 0.105998 -10.0811 12.9551 -1.11946 640 480
517.3 0 318.6 0 516.5 255.3 0 0 1 -0.447112 0.540204 -0.712901 0.312182 -0.652627 -0.690342 -0.838207 -0.531233 0.123188 -11.0163 13.1951 -0.858919 640 480
517.3 0 318.6 0 516.5 255.3 0 0 1 -0.428309 0.511679 -0.74477 0.318355 -0.685888 -0.654328 -0.845664 -0.517378 0.130919 -11.8666 13.0073 -0.367273 640 480
517.3 0 318.6 0 516.5 255.3 0 0 1 0.581894 -0.629851 0.514475 0.625342 -0.057917 -0.778195 0.519947 0.77455 0.360173 -11.6951 13.9355 -0.697549 640 480
517.3 0 318.6 0 516.5 255.3 0 0 1 -0.845853 -0.190948 0.498049 -0.366879 0.886055 -0.283383 -0.387186 -0.422427 -0.819526 -12.3666 14.6093 -0.389212 640 480
517.3 0 318.6 0 516.5 255.3 0 0 1 -0.853845 -0.184715 0.48663 -0.363638 0.880614 -0.303784 -0.372419 -0.436345 -0.819076 -12.0993 13.6887 -0.10457 640 480
517.3 0 318.6 0 516.5 255.3 0 0 1 -0.856641 -0.198986 0.475969 -0.377446 0.870692 -0.315323 -0.351677 -0.449776 -0.820976 -11.837 12.724 -0.130483 640 480
517.3 0 318.6 0 516.5 255.3 0 0 1 -0.856379 -0.179643 0.484067 -0.371228 0.865835 -0.335437 -0.358863 -0.466965 -0.80817 -11.8477 11.7772 0.19103 640 480
517.3 0 318.6 0 516.5 255.3 0 0 1 -0.856165 -0.185457 0.482248 -0.37896 0.859846 -0.34213 -0.351207 -0.475678 -0.80645 -11.5199 12.5473 -0.356169 640 480
517.3 0 318.6 0 516.5 255.3 0 0 1 -0.859612 -0.183493 0.476837 -0.37627 0.85872 -0.347877 -0.345636 -0.478464 -0.807208 -11.6032 11.6073 -0.0253321 640 480
517.3 0 318.6 0 516.5 255.3 0 0 1 -0.861303 -0.173402 0.477561 -0.374125 0.852423 -0.365244 -0.343749 -0.493259 -0.799067 -12.2116 12.3973 0.0515016 640 480
517.3 0 318.6 0 516.5 255.3 0 0 1 -0.862444 -0.148551 0.483836 -0.372795 0.833031 -0.408756 -0.342328 -0.532907 -0.77382 -12.3158 13.3873 0.145907 640 480
517.3 0 318.6 0 516.5 255.3 0 0 1 -0.862535 -0.13061 0.488825 -0.368014 0.824966 -0.428945 -0.347238 -0.549881 -0.759627 -12.6112 14.1253 -0.460795 640 480
517.3 0 318.6 0 516.5 255.3 0 0 1 0.48922 -0.220797 0.843745 0.639444 -0.567072 -0.519154 0.593101 0.79351 -0.13623 -13.3255 14.6375 0.0161004 640 480
517.3 0 318.6 0 516.5 255.3 0 0 1 0.489319 -0.219872 0.843929 0.638638 -0.568636 -0.518435 0.593887 0.792647 -0.13782 -13.9396 15.36 0.333677 640 480
517.3 0 318.6 0 516.5 255.3 0 0 1 0.493266 -0.21094 0.843911 0.644704 -0.562646 -0.517462 0.583986 0.799321 -0.141534 -14.6814 15.9985 0.538786 640 480
517.3 0 318.6 0 516.5 255.3 0 0 1 0.499725 -0.208494 0.840713 0.642425 -0.561815 -0.521186 0.580999 0.800546 -0.146805 -15.4782 16.3336 1.04152 640 480
517.3 0 318.6 0 516.5 255.3 0 0 1 0.497525 -0.224139 0.837988 0.645934 -0.549064 -0.530357 0.578991 0.805153 -0.128388 -16.1964 16.9399 1.38301 640 480
517.3 0 318.6 0 516.5 255.3 0 0 1 0.49732 -0.246496 0.831809 0.643751 -0.537891 -0.544279 0.581594 0.80616 -0.108817 -15.2217 16.7571 1.51221 640 480
517.3 0 318.6 0 516.5 255.3 0 0 1 0.492539 -0.269795 0.827412 0.644891 -0.52526 -0.555158 0.584393 0.807028 -0.0847177 -14.3995 16.7392 0.943382 640 480
517.3 0 318.6 0 516.5 255.3 0 0 1 0.476824 -0.326893 0.81595 0.652684 -0.490087 -0.577756 0.588758 0.808047 -0.0203221 -13.9634 16.8114 0.0463898 640 480
517.3 0 318.6 0 516.5 255.3 0 0 1 0.478915 -0.341559 0.808685 0.643762 -0.489644 -0.588051 0.59683 0.802228 -0.0146105 -13.8154 16.1478 0.779699 640 480
517.3 0 318.6 0 516.5 255.3 0 0 1 0.481017 -0.319355 0.816474 0.638346 -0.510772 -0.575856 0.600942 0.79819 -0.0418256 -14.392 15.7917 1.515 640 480
517.3 0 318.6 0 516.5 255.3 0 0 1 0.460934 -0.368463 0.807322 0.652475 -0.475903 -0.589726 0.601506 0.798584 0.0210584 -14.9726 16.2112 0.81717 640 480
517.3 0 318.6 0 516.5 255.3 0 0 1 0.454282 -0.396682 0.797663 0.649986 -0.464717 -0.601282 0.609213 0.791623 0.0467305 -15.5743 16.0859 1.60596 640 480
517.3 0 318.6 0 516.5 255.3 0 0 1 0.451239 -0.414311 0.790395 0.651636 -0.45215 -0.609029 0.609712 0.789868 0.0659577 -16.1984 16.2416 2.37164 640 480
517.3 0 318.6 0 516.5 255.3 0 0 1 0.447249 -0.448023 0.774105 0.658083 -0.421291 -0.624041 0.605714 0.788528 0.106419 -15.5348 16.239 1.62354 640 480
517.3 0 318.6 0 516.5 255.3 0 0 1 0.440521 -0.480404 0.758385 0.662171 -0.396541 -0.635824 0.60619 0.782275 0.14343 -16.1868 16.9395 1.91348 640 480
517.3 0 318.6 0 516.5 255.3 0 0 1 0.439059 -0.520243 0.732509 0.665411 -0.359528 -0.654184 0.603698 0.774645 0.188326 -15.5522 16.4971 1.27985 640 480
517.3 0 318.6 0 516.5 255.3 0 0 1 0.435289 -0.548395 0.71399 0.670737 -0.33146 -0.663503 0.600526 0.767715 0.223552 -15.1593 15.6163 1.54394 640 480
517.3 0 318.6 0 516.5 255.3 0 0 1 0.428592 -0.576367 0.695777 0.675338 -0.307197 -0.670476 0.600186 0.757245 0.257585 -14.7061 14.7436 1.72575 640 480
517.3 0 318.6 0 516.5 255.3 0 0 1 0.421097 -0.601851 0.678563 0.681108 -0.284216 -0.674761 0.598969 0.746315 0.290248 -14.2031 13.8848 1.82303 640 480
517.3 0 318.6 0 516.5 255.3 0 0 1 0.413575 -0.625035 0.662029 0.688252 -0.261389 -0.676739 0.596037 0.735526 0.322082 -13.7561 13.0032 1.9747 640 480
517.3 0 318.6 0 516.5 255.3 0 0 1 0.403803 -0.648688 0.645091 0.689297 -0.247887 -0.680744 0.601504 0.719546 0.347046 -14.3022 13.8405 1.94843 640 480
517.3 0 318.6 0 516.5 255.3 0 0 1 0.398566 -0.671868 0.624287 0.686442 -0.232883 -0.688879 0.608226 0.7031 0.368383 -13.9861 14.2792 1.10721 640 480
517.3 0 318.6 0 516.5 255.3 0 0 1 0.386126 -0.701335 0.599192 0.686797 -0.215059 -0.694299 0.615802 0.67961 0.398639 -13.4013 13.4738 1.01117 640 480
517.3 0 318.6 0 516.5 255.3 0 0 1 0.375655 -0.72726 0.574431 0.688494 -0.195906 -0.698275 0.620367 0.657803 0.427126 -12.9316 12.6055 1.17059 640 480
517.3 0 318.6 0 516.5 255.3 0 0 1 0.36253 -0.747814 0.556185 0.692541 -0.183196 -0.697724 0.623663 0.638126 0.451482 -13.2876 13.4935 0.879611 640 480
517.3 0 318.6 0 516.5 255.3 0 0 1 0.345076 -0.77169 0.534241 0.698889 -0.168663 -0.695053 0.626476 0.613221 0.481129 -12.7711 12.6408 0.957296 640 480
517.3 0 318.6 0 516.5 255.3 0 0 1 0.323614 -0.789575 0.521384 0.710894 -0.160749 -0.684676 0.624419 0.592219 0.509288 -12.3953 11.7351 1.15378 640 480
517.3 0 318.6 0 516.5 255.3 0 0 1 0.306191 -0.803466 0.510573 0.722299 -0.15328 -0.674375 0.620102 0.575273 0.533414 -11.6575 11.2096 1.57743 640 480
517.3 0 318.6 0 516.5 255.3 0 0 1 0.294365 -0.815023 0.499081 0.73446 -0.141207 -0.663794 0.611485 0.561952 0.55704 -10.998 10.7721 2.18863 640 480
517.3 0 318.6 0 516.5 255.3 0 0 1 0.28472 -0.826729 0.48523 0.748677 -0.124346 -0.651164 0.598676 0.54868 0.583554 -10.7394 10.1241 2.90506 640 480
517.3 0 318.6 0 516.5 255.3 0 0 1 0.268429 -0.84016 0.471245 0.760242 -0.115662 -0.639256 0.591586 0.529854 0.607682 -10.4228 9.33279 3.42813 640 480
517.3 0 318.6 0 516.5 255.3 0 0 1 0.257271 -0.851398 0.457088 0.772473 -0.102997 -0.626634 0.580597 0.514302 0.631188 -10.0383 8.44845 3.69282 640 480
517.3 0 318.6 0 516.5 255.3 0 0 1 0.243561 -0.86409 0.440478 0.784912 -0.0911673 -0.612858 0.569725 0.495005 0.656035 -9.45824 7.6505 3.52905 640 480
517.3 0 318.6 0 516.5 255.3 0 0 1 0.225992 -0.879829 0.418119 0.796261 -0.0804101 -0.59958 0.561152 0.468432 0.682406 -9.26115 6.9509 2.84224 640 480
517.3 0 318.6 0 516.5 255.3 0 0 1 0.21079 -0.892208 0.39941 0.803114 -0.0748725 -0.591097 0.557289 0.445369 0.700767 -8.79274 6.37073 3.50857 640 480
517.3 0 318.6 0 516.5 255.3 0 0 1 0.198794 -0.902642 0.381724 0.811571 -0.0667231 -0.580426 0.54939 0.425181 0.719298 -8.42352 5.54185 3.92885 640 480
517.3 0 318.6 0 516.5 255.3 0 0 1 0.186783 -0.912056 0.365049 0.820708 -0.0593657 -0.56825 0.53995 0.405737 0.737448 -8.60746 6.29978 3.30298 640 480
517.3 0 318.6 0 516.5 255.3 0 0 1 0.169058 -0.92354 0.344222 0.82912 -0.0555683 -0.556296 0.532892 0.379447 0.756336 -8.22933 5.58932 3.8965 640 480
517.3 0 318.6 0 516.5 255.3 0 0 1 0.154448 -0.931279 0.329941 0.83477 -0.0556279 -0.547776 0.528489 0.360027 0.768817 -8.31901 5.17324 4.80139 640 480
517.3 0 318.6 0 516.5 255.3 0 0 1 0.14209 -0.940323 0.30919 0.841777 -0.0495509 -0.537541 0.520785 0.336647 0.784507 -7.91404 4.40031 5.28984 640 480
517.3 0 318.6 0 516.5 255.3 0 0 1 0.112914 -0.94996 0.29124 0.846427 -0.0615522 -0.52893 0.520391 0.306236 0.797127 -7.61646 4.91758 4.48742 640 480
517.3 0 318.6 0 516.5 255.3 0 0 1 0.0934575 -0.959578 0.265465 0.852202 -0.0607646 -0.519667 0.514794 0.274795 0.81208 -7.09145 4.34921 5.12092 640 480
517.3 0 318.6 0 516.5 255.3 0 0 1 0.0675849 -0.967294 0.244476 0.854843 -0.0702087 -0.514109 0.514462 0.243734 0.822145 -6.458 4.20932 5.88195 640 480
517.3 0 318.6 0 516.5 255.3 0 0 1 0.049678 -0.974087 0.220638 0.859948 -0.0706342 -0.505464 0.507952 0.214847 0.834161 -5.54797 3.87751 6.13047 640 480
517.3 0 318.6 0 516.5 255.3 0 0 1 0.0249801 -0.979573 0.199519 0.861071 -0.0803082 -0.502096 0.507865 0.184341 0.841481 -4.93404 4.05534 5.36141 640 480
517.3 0 318.6 0 516.5 255.3 0 0 1 0.00848992 -0.985133 0.171564 0.864616 -0.0789602 -0.496184 0.502356 0.152549 0.851097 -4.42914 3.38276 5.90244 640 480
517.3 0 318.6 0 516.5 255.3 0 0 1 -0.0029434 -0.989183 0.14664 0.867315 -0.0755153 -0.491992 0.497746 0.125734 0.85816 -4.64259 3.04148 6.81784 640 480
517.3 0 318.6 0 516.5 255.3 0 0 1 -0.019443 -0.992077 0.12409 0.869342 -0.0780765 -0.487998 0.493822 0.0983875 0.863978 -3.73638 2.62479 6.74607 640 480
517.3 0 318.6 0 516.5 255.3 0 0 1 -0.0392893 -0.993882 0.103198 0.870841 -0.0847015 -0.484206 0.489986 0.0708434 0.868847 -3.58034 2.57815 7.73271 640 480
517.3 0 318.6 0 516.5 255.3 0 0 1 -0.0535382 -0.994937 0.0850207 0.874838 -0.0877843 -0.476389 0.481442 0.0488731 0.875114 -3.07665 1.73469 7.91946 640 480
517.3 0 318.6 0 516.5 255.3 0 0 1 -0.0712121 -0.995231 0.066613 0.877966 -0.0942356 -0.469349 0.47339 0.0250594 0.880496 -2.72573 0.923564 8.38735 640 480
517.3 0 318.6 0 516.5 255.3 0 0 1 -0.178566 -0.113718 0.977331 -0.744529 0.665007 -0.058656 -0.643261 -0.738128 -0.203413 -3.49332 1.31567 7.88034 640 480
517.3 0 318.6 0 516.5 255.3 0 0 1 -0.185612 -0.124171 0.974743 -0.736808 0.673904 -0.0544586 -0.65012 -0.728308 -0.216574 -2.59237 1.11243 7.49699 640 480
517.3 0 318.6 0 516.5 255.3 0 0 1 -0.196042 -0.128182 0.972178 -0.728985 0.682146 -0.0570622 -0.655853 -0.719892 -0.227171 -3.48915 0.694714 7.64291 640 480
517.3 0 318.6 0 516.5 255.3 0 0 1 -0.203693 -0.130236 0.970331 -0.721329 0.69009 -0.0588021 -0.661957 -0.711908 -0.234509 -2.6521 0.36419 7.20691 640 480
517.3 0 318.6 0 516.5 255.3 0 0 1 -0.20942 -0.12984 0.969164 -0.713124 0.698419 -0.0605289 -0.669022 -0.703812 -0.238854 -1.90112 -0.118653 6.75648 640 480
517.3 0 318.6 0 516.5 255.3 0 0 1 -0.21229 -0.128636 0.9687 -0.707528 0.703997 -0.0615707 -0.674041 -0.698455 -0.240464 -2.89356 -0.168812 6.86847 640 480
517.3 0 318.6 0 516.5 255.3 0 0 1 -0.217206 -0.121468 0.968535 -0.703339 0.707497 -0.0690041 -0.676853 -0.696198 -0.239105 -2.00048 -0.366392 6.46428 640 480
517.3 0 318.6 0 516.5 255.3 0 0 1 -0.224169 -0.108799 0.968455 -0.698368 0.711052 -0.0817724 -0.679724 -0.69467 -0.235377 -1.24791 -0.715565 5.90597 640 480
517.3 0 318.6 0 516.5 255.3 0 0 1 0.893434 -0.44919 0.00171699 -0.0481679 -0.0996012 -0.993858 0.446603 0.887864 -0.110623 -1.89564 0.0115749 6.13336 640 480
517.3 0 318.6 0 516.5 255.3 0 0 1 0.890209 -0.45512 0.0198049 -0.0384414 -0.118365 -0.992223 0.453926 0.882524 -0.122865 -1.09398 0.351833 5.64187 640 480
517.3 0 318.6 0 516.5 255.3 0 0 1 0.887943 -0.459043 0.0289303 -0.0391673 -0.138129 -0.989636 0.458283 0.877607 -0.14063 -0.298288 0.911078 5.40926 640 480
517.3 0 318.6 0 516.5 255.3 0 0 1 0.888578 -0.456335 0.0467579 -0.0360547 -0.171088 -0.984592 0.457305 0.873201 -0.168478 -0.0160307 1.87031 5.42365 640 480
517.3 0 318.6 0 516.5 255.3 0 0 1 0.890428 -0.450538 0.0644442 -0.0339098 -0.206874 -0.977776 0.453859 0.868453 -0.199484 0.144237 2.84996 5.54441 640 480
517.3 0 318.6 0 516.5 255.3 0 0 1 0.890947 -0.447186 0.0789728 -0.0371388 -0.245077 -0.968788 0.452585 0.860206 -0.234958 0.143143 3.84766 5.61212 640 480
517.3 0 318.6 0 516.5 255.3 0 0 1 0.897117 -0.433741 0.0839586 -0.0420053 -0.272919 -0.961115 0.43979 0.858706 -0.263059 -0.410711 3.95847 6.43732 640 480
517.3 0 318.6 0 516.5 255.3 0 0 1 0.897414 -0.431849 0.0903038 -0.0383508 -0.28026 -0.959153 0.439519 0.857293 -0.268071 -0.201602 4.67658 5.77355 640 480
517.3 0 318.6 0 516.5 255.3 0 0 1 0.895927 -0.431786 0.104286 -0.0402148 -0.312648 -0.949013 0.442377 0.846051 -0.297473 -0.723825 4.57589 6.62039 640 480
517.3 0 318.6 0 516.5 255.3 0 0 1 0.894843 -0.431147 0.115615 -0.0454701 -0.345696 -0.937239 0.444058 0.833424 -0.328948 -1.22072 4.32129 7.45 640 480
517.3 0 318.6 0 516.5 255.3 0 0 1 0.89512 -0.426267 0.130599 -0.0446868 -0.377244 -0.92503 0.443579 0.822176 -0.356726 -1.95589 4.77956 7.94951 640 480
517.3 0 318.6 0 516.5 255.3 0 0 1 0.891493 -0.429228 0.144923 -0.0353458 -0.384813 -0.922312 0.451653 0.817112 -0.358229 -1.78201 5.45866 7.23637 640 480
517.3 0 318.6 0 516.5 255.3 0 0 1 0.888506 -0.425721 0.171225 -0.0256966 -0.418721 -0.907745 0.458145 0.802136 -0.382975 -1.93078 6.44748 7.22638 640 480
517.3 0 318.6 0 516.5 255.3 0 0 1 0.886322 -0.414328 0.206799 -0.0105514 -0.46453 -0.885487 0.462949 0.782644 -0.416094 -2.79244 6.4974 7.7314 640 480
517.3 0 318.6 0 516.5 255.3 0 0 1 0.881304 -0.400383 0.250991 0.0082886 -0.517956 -0.855359 0.472476 0.755911 -0.453157 -3.4934 6.463 8.44376 640 480
517.3 0 318.6 0 516.5 255.3 0 0 1 0.864423 -0.398592 0.306425 0.0223293 -0.578433 -0.815413 0.502268 0.711703 -0.491109 -4.14486 6.6679 9.17424 640 480
517.3 0 318.6 0 516.5 255.3 0 0 1 0.852374 -0.380796 0.358402 0.0513863 -0.621051 -0.782071 0.520401 0.685033 -0.509798 -3.31646 6.48487 8.64486 640 480
517.3 0 318.6 0 516.5 255.3 0 0 1 0.838614 -0.354081 0.413944 0.0880932 -0.661745 -0.744519 0.537553 0.66083 -0.523755 -2.49743 6.32806 8.09296 640 480
517.3 0 318.6 0 516.5 255.3 0 0 1 0.82506 -0.330652 0.458194 0.104776 -0.707298 -0.699088 0.555243 0.624796 -0.548916 -1.66905 6.61799 7.61368 640 480
517.3 0 318.6 0 516.5 255.3 0 0 1 0.812063 -0.300101 0.500489 0.129966 -0.743077 -0.65644 0.56891 0.598117 -0.564419 -1.55349 7.56674 7.90779 640 480
517.3 0 318.6 0 516.5 255.3 0 0 1 0.797893 -0.261958 0.5429 0.152651 -0.783453 -0.602379 0.583147 0.563508 -0.585119 -1.75556 6.589 7.96408 640 480
517.3 0 318.6 0 516.5 255.3 0 0 1 0.782449 -0.231093 0.578242 0.170323 -0.813734 -0.55568 0.598964 0.533279 -0.59734 -1.87952 7.52779 8.28544 640 480
517.3 0 318.6 0 516.5 255.3 0 0 1 0.765622 -0.189297 0.614803 0.18642 -0.849395 -0.493679 0.615681 0.492583 -0.615019 -2.58772 6.95945 8.70426 640 480
517.3 0 318.6 0 516.5 255.3 0 0 1 0.75082 -0.157372 0.641479 0.204006 -0.868428 -0.451826 0.628205 0.470106 -0.61992 -3.37356 6.61636 9.21876 640 480
517.3 0 318.6 0 516.5 255.3 0 0 1 0.737619 -0.137712 0.661017 0.213594 -0.88108 -0.421902 0.640535 0.452393 -0.620476 -3.99428 7.35073 9.49328 640 480
517.3 0 318.6 0 516.5 255.3 0 0 1 0.725603 -0.12203 0.677197 0.218299 -0.892446 -0.394717 0.652559 0.43424 -0.620911 -3.16511 6.94366 9.11022 640 480
517.3 0 318.6 0 516.5 255.3 0 0 1 0.717491 -0.114456 0.687091 0.221695 -0.897547 -0.381014 0.660337 0.4257 -0.618594 -3.52609 7.83822 9.37364 640 480
517.3 0 318.6 0 516.5 255.3 0 0 1 0.709124 -0.100983 0.697804 0.223441 -0.906445 -0.358237 0.668732 0.409954 -0.620203 -3.68762 8.81423 9.22795 640 480
517.3 0 318.6 0 516.5 255.3 0 0 1 0.704739 -0.0911062 0.70358 0.220229 -0.914581 -0.339015 0.674407 0.393867 -0.62446 -3.48605 9.74293 8.91685 640 480
517.3 0 318.6 0 516.5 255.3 0 0 1 0.702903 -0.0924913 0.705233 0.209289 -0.920661 -0.329337 0.679784 0.379091 -0.627761 -2.98101 10.5173 8.53571 640 480
517.3 0 318.6 0 516.5 255.3 0 0 1 0.686638 -0.0647852 0.72409 0.213127 -0.934245 -0.285684 0.69504 0.350487 -0.627657 -3.53201 9.94241 9.14056 640 480
517.3 0 318.6 0 516.5 255.3 0 0 1 0.67368 -0.0401726 0.737909 0.211648 -0.946112 -0.244722 0.708046 0.321045 -0.628843 -4.10227 9.26248 9.60139 640 480
517.3 0 318.6 0 516.5 255.3 0 0 1 0.662185 -0.0265619 0.748843 0.204032 -0.955102 -0.214284 0.721001 0.294688 -0.626995 -4.52667 10.0463 10.0546 640 480
517.3 0 318.6 0 516.5 255.3 0 0 1 0.65197 -0.00880862 0.75816 0.204115 -0.960837 -0.186671 0.730221 0.276462 -0.62459 -5.15798 10.6437 10.5489 640 480
517.3 0 318.6 0 516.5 255.3 0 0 1 0.636884 0.0152648 0.770768 0.214521 -0.963657 -0.158148 0.740471 0.266077 -0.616951 -5.80892 11.3469 10.8345 640 480
517.3 0 318.6 0 516.5 255.3 0 0 1 0.618666 0.0403369 0.784569 0.228792 -0.964446 -0.130793 0.751552 0.260434 -0.605825 -6.24846 10.478 11.0618 640 480
517.3 0 318.6 0 516.5 255.3 0 0 1 0.594883 0.0643161 0.80117 0.235201 -0.966835 -0.0969775 0.768564 0.246146 -0.59018 -5.42956 10.9366 10.7169 640 480
517.3 0 318.6 0 516.5 255.3 0 0 1 0.570235 0.0790323 0.817581 0.231499 -0.970132 -0.0676186 0.788094 0.227856 -0.571356 -4.64547 11.1865 10.1492 640 480
517.3 0 318.6 0 516.5 255.3 0 0 1 -0.780044 -0.364351 0.508696 -0.270131 0.929407 0.251457 -0.564404 0.058734 -0.823401 -5.33821 11.0789 10.8619 640 480
517.3 0 318.6 0 516.5 255.3 0 0 1 -0.790313 -0.356509 0.498296 -0.270524 0.932758 0.238284 -0.54974 0.0535183 -0.833614 -6.12055 10.5241 11.1449 640 480
517.3 0 318.6 0 516.5 255.3 0 0 1 -0.801337 -0.350233 0.484961 -0.273394 0.935493 0.223849 -0.532077 0.0467944 -0.845397 -6.43666 9.6801 11.5782 640 480
517.3 0 318.6 0 516.5 255.3 0 0 1 -0.80718 -0.350982 0.474618 -0.286667 0.93593 0.204589 -0.516016 0.0290834 -0.856079 -6.99814 9.84327 12.3894 640 480
517.3 0 318.6 0 516.5 255.3 0 0 1 -0.819348 -0.339141 0.462214 -0.292417 0.940718 0.171876 -0.493104 0.0056676 -0.869946 -6.70196 10.0463 13.3227 640 480
517.3 0 318.6 0 516.5 255.3 0 0 1 -0.832796 -0.326658 0.446917 -0.300776 0.944782 0.130079 -0.46473 -0.0260923 -0.885061 -7.0987 10.6361 14.0261 640 480
517.3 0 318.6 0 516.5 255.3 0 0 1 -0.84611 -0.310188 0.43344 -0.294052 0.949917 0.105782 -0.444545 -0.0379505 -0.894946 -6.7464 10.625 13.0902 640 480
517.3 0 318.6 0 516.5 255.3 0 0 1 -0.85158 -0.313051 0.420475 -0.298391 0.948958 0.102185 -0.431002 -0.0384469 -0.901525 -6.4545 10.846 12.1597 640 480
517.3 0 318.6 0 516.5 255.3 0 0 1 -0.854759 -0.326062 0.403804 -0.310232 0.944717 0.106141 -0.416089 -0.0345473 -0.90866 -5.81922 10.9937 11.4017 640 480
517.3 0 318.6 0 516.5 255.3 0 0 1 -0.859386 -0.33844 0.383276 -0.319655 0.940665 0.113883 -0.399077 -0.0246462 -0.916578 -5.71147 10.9231 10.41 640 480
517.3 0 318.6 0 516.5 255.3 0 0 1 -0.866999 -0.344849 0.359691 -0.322943 0.938595 0.121439 -0.379482 -0.0108718 -0.925127 -5.08101 10.9471 9.63417 640 480
517.3 0 318.6 0 516.5 255.3 0 0 1 -0.875032 -0.350616 0.333723 -0.325225 0.936498 0.131146 -0.358513 0.006223 -0.933495 -4.67889 10.0528 9.43759 640 480
517.3 0 318.6 0 516.5 255.3 0 0 1 -0.880067 -0.356294 0.313878 -0.323564 0.933795 0.152749 -0.347521 0.0328709 -0.937087 -4.60696 10.6466 8.63614 640 480
517.3 0 318.6 0 516.5 255.3 0 0 1 -0.885076 -0.360982 0.293795 -0.31974 0.930291 0.179789 -0.338216 0.06519 -0.938799 -4.47182 11.1253 7.76867 640 480
517.3 0 318.6 0 516.5 255.3 0 0 1 -0.886184 -0.376859 0.269515 -0.324544 0.920075 0.219391 -0.330654 0.106953 -0.937663 -4.58887 11.7258 6.97763 640 480
517.3 0 318.6 0 516.5 255.3 0 0 1 -0.888665 -0.385917 0.247637 -0.330086 0.913273 0.238693 -0.318276 0.130378 -0.93898 -4.70169 12.4655 6.31424 640 480
517.3 0 318.6 0 516.5 255.3 0 0 1 -0.893719 -0.391368 0.21927 -0.32978 0.904531 0.27031 -0.304128 0.169273 -0.937462 -4.39132 12.3626 5.36922 640 480
517.3 0 318.6 0 516.5 255.3 0 0 1 -0.899455 -0.391623 0.19389 -0.326032 0.896838 0.29897 -0.290972 0.205699 -0.934347 -4.2012 11.4261 5.0747 640 480
517.3 0 318.6 0 516.5 255.3 0 0 1 -0.902056 -0.397421 0.168321 -0.327498 0.884303 0.332794 -0.281106 0.245077 -0.927846 -4.21082 12.2067 4.44978 640 480
517.3 0 318.6 0 516.5 255.3 0 0 1 -0.904375 -0.40211 0.142812 -0.329687 0.870923 0.364414 -0.270913 0.282487 -0.920211 -3.741 11.3407 4.27831 640 480
517.3 0 318.6 0 516.5 255.3 0 0 1 -0.90599 -0.404516 0.124621 -0.329072 0.858317 0.393703 -0.266224 0.315685 -0.910741 -3.30528 10.4773 4.0241 640 480
517.3 0 318.6 0 516.5 255.3 0 0 1 -0.912274 -0.398385 0.0950017 -0.324902 0.845204 0.424343 -0.249349 0.356255 -0.900493 -3.83742 11.0559 3.40604 640 480
517.3 0 318.6 0 516.5 255.3 0 0 1 -0.916447 -0.394417 0.0673797 -0.324673 0.831431 0.450897 -0.233864 0.391351 -0.890018 -4.0421 11.2804 2.45331 640 480
517.3 0 318.6 0 516.5 255.3 0 0 1 -0.917778 -0.395644 0.0335345 -0.334865 0.816644 0.47006 -0.213363 0.420187 -0.881983 -3.26842 10.694 2.21354 640 480
517.3 0 318.6 0 516.5 255.3 0 0 1 -0.924433 -0.381234 0.00727825 -0.329809 0.80904 0.486495 -0.191358 0.447339 -0.873636 -3.46704 10.8811 1.25152 640 480
517.3 0 318.6 0 516.5 255.3 0 0 1 -0.929886 -0.367222 -0.0205439 -0.324984 0.794227 0.513405 -0.172219 0.484095 -0.857879 -2.86125 10.1204 1.48462 640 480
517.3 0 318.6 0 516.5 255.3 0 0 1 -0.931594 -0.359215 -0.0550676 -0.330466 0.774346 0.539604 -0.151196 0.520908 -0.84008 -2.29644 9.46179 0.987487 640 480
517.3 0 318.6 0 516.5 255.3 0 0 1 -0.934182 -0.348649 -0.0751078 -0.328914 0.760851 0.559382 -0.137888 0.547299 -0.825439 -2.45114 9.63277 0.0144677 640 480
517.3 0 318.6 0 516.5 255.3 0 0 1 -0.937155 -0.334363 -0.0976001 -0.326161 0.744264 0.582782 -0.122244 0.578115 -0.806505 -2.71901 10.1097 -0.822585 640 480
517.3 0 318.6 0 516.5 255.3 0 0 1 -0.937566 -0.322384 -0.116806 -0.324681 0.72689 0.60476 -0.110259 0.605988 -0.785807 -3.13489 10.8032 -1.41068 640 480
517.3 0 318.6 0 516.5 255.3 0 0 1 -0.940334 -0.313523 -0.131829 -0.324653 0.711948 0.622669 -0.101371 0.628346 -0.771244 -3.46948 11.4282 -2.11392 640 480
517.3 0 318.6 0 516.5 255.3 0 0 1 -0.939402 -0.305921 -0.154664 -0.330867 0.691198 0.642472 -0.0896432 0.654718 -0.75053 -3.95591 12.2489 -2.41355 640 480
517.3 0 318.6 0 516.5 255.3 0 0 1 -0.937346 -0.299169 -0.17853 -0.339385 0.668371 0.661889 -0.0786925 0.681012 -0.728027 -4.18751 12.9713 -3.06506 640 480
517.3 0 318.6 0 516.5 255.3 0 0 1 -0.937554 -0.285928 -0.198071 -0.341689 0.650551 0.678255 -0.0650772 0.703582 -0.707625 -4.12693 13.2089 -4.03453 640 480
517.3 0 318.6 0 516.5 255.3 0 0 1 -0.941459 -0.262456 -0.211576 -0.333175 0.628702 0.702657 -0.0513987 0.732017 -0.67934 -3.7471 12.337 -4.34365 640 480
517.3 0 318.6 0 516.5 255.3 0 0 1 -0.942834 -0.248104 -0.222486 -0.33007 0.60324 0.726053 -0.045925 0.757987 -0.650646 -3.95073 12.757 -5.22803 640 480
517.3 0 318.6 0 516.5 255.3 0 0 1 -0.941596 -0.244728 -0.231291 -0.33375 0.587088 0.737521 -0.0447048 0.771643 -0.634476 -3.93665 12.8806 -4.2358 640 480
517.3 0 318.6 0 516.5 255.3 0 0 1 -0.93996 -0.235627 -0.246871 -0.33895 0.56038 0.755701 -0.0397226 0.79401 -0.606599 -3.97762 13.8621 -4.42268 640 480
517.3 0 318.6 0 516.5 255.3 0 0 1 -0.940335 -0.221557 -0.258209 -0.338712 0.537887 0.771977 -0.0321507 0.81338 -0.580836 -4.46132 14.2813 -5.19103 640 480
517.3 0 318.6 0 516.5 255.3 0 0 1 -0.94304 -0.198844 -0.266691 -0.332052 0.514216 0.790772 -0.0201044 0.83429 -0.55095 -4.89778 14.91 -5.83454 640 480
517.3 0 318.6 0 516.5 255.3 0 0 1 -0.942839 -0.183083 -0.278429 -0.333079 0.492667 0.803949 -0.0100175 0.850739 -0.525483 -4.68293 14.5065 -6.72392 640 480
517.3 0 318.6 0 516.5 255.3 0 0 1 -0.944854 -0.161384 -0.284942 -0.327458 0.473439 0.817694 0.00293897 0.865914 -0.500174 -4.49001 14.0519 -7.59348 640 480
517.3 0 318.6 0 516.5 255.3 0 0 1 -0.945557 -0.146313 -0.290687 -0.325238 0.455811 0.828524 0.0112734 0.877966 -0.478577 -4.71258 14.9681 -7.26004 640 480
517.3 0 318.6 0 516.5 255.3 0 0 1 -0.946192 -0.126082 -0.298005 -0.32304 0.42124 0.847465 0.0186804 0.89814 -0.439299 -4.84741 14.6147 -8.18577 640 480
517.3 0 318.6 0 516.5 255.3 0 0 1 -0.947358 -0.109325 -0.300902 -0.318946 0.403612 0.857534 0.0276959 0.908372 -0.417229 -4.53967 13.688 -8.40143 640 480
517.3 0 318.6 0 516.5 255.3 0 0 1 -0.947748 -0.0993231 -0.303134 -0.31757 0.383369 0.867278 0.0300699 0.918236 -0.394873 -4.81554 14.0572 -7.51396 640 480
517.3 0 318.6 0 516.5 255.3 0 0 1 -0.9472 -0.0948455 -0.30626 -0.319607 0.354824 0.878603 0.0253353 0.930106 -0.366396 -5.04516 14.7002 -8.24459 640 480
517.3 0 318.6 0 516.5 255.3 0 0 1 -0.944554 -0.0876319 -0.316414 -0.327094 0.33452 0.883798 0.0283963 0.938302 -0.344629 -4.52689 14.9738 -9.05483 640 480
517.3 0 318.6 0 516.5 255.3 0 0 1 -0.943048 -0.076089 -0.323807 -0.330931 0.312784 0.890305 0.0335377 0.946768 -0.320144 -4.493 14.2144 -8.40511 640 480
517.3 0 318.6 0 516.5 255.3 0 0 1 -0.941492 -0.0654455 -0.330588 -0.334815 0.293264 0.895482 0.0383426 0.953785 -0.298011 -4.52935 14.6572 -9.30099 640 480
517.3 0 318.6 0 516.5 255.3 0 0 1 -0.93996 -0.048388 -0.337806 -0.337732 0.273757 0.900548 0.0488996 0.960577 -0.273656 -4.0608 15.1272 -10.0491 640 480
517.3 0 318.6 0 516.5 255.3 0 0 1 -0.939639 -0.0276349 -0.341019 -0.336459 0.255468 0.906379 0.0620702 0.966418 -0.249338 -3.77168 15.6977 -10.8177 640 480
517.3 0 318.6 0 516.5 255.3 0 0 1 -0.940217 -0.00690172 -0.340476 -0.332438 0.235467 0.913253 0.0738662 0.971854 -0.223676 -3.74552 14.793 -10.3925 640 480
517.3 0 318.6 0 516.5 255.3 0 0 1 -0.941069 0.0109092 -0.338004 -0.327893 0.215213 0.91987 0.0827767 0.976502 -0.198945 -3.56851 13.941 -9.89983 640 480
517.3 0 318.6 0 516.5 255.3 0 0 1 -0.942877 0.0294117 -0.331803 -0.321345 0.182023 0.929298 0.0877264 0.982849 -0.162164 -3.74972 14.3889 -10.7754 640 480
517.3 0 318.6 0 516.5 255.3 0 0 1 0.923115 -0.0441895 0.381976 -0.382957 -0.195216 0.902899 0.0346706 -0.979761 -0.19713 -3.77688 13.4061 -10.5926 640 480
517.3 0 318.6 0 516.5 255.3 0 0 1 0.921094 -0.056333 0.385242 -0.388218 -0.20792 0.897802 0.029525 -0.976518 -0.213384 -3.73274 12.4896 -10.195 640 480
517.3 0 318.6 0 516.5 255.3 0 0 1 0.918433 -0.0731139 0.38876 -0.395134 -0.215961 0.892873 0.0186769 -0.973657 -0.227236 -3.90425 11.6383 -9.69913 640 480
517.3 0 318.6 0 516.5 255.3 0 0 1 0.916273 -0.0825736 0.391951 -0.400317 -0.222434 0.888967 0.0137793 -0.971441 -0.236866 -3.97168 11.0387 -8.90163 640 480
517.3 0 318.6 0 516.5 255.3 0 0 1 0.914923 -0.0913861 0.393145 -0.403553 -0.225788 0.886655 0.00774084 -0.969877 -0.243458 -3.73976 12.0064 -8.80277 640 480
517.3 0 318.6 0 516.5 255.3 0 0 1 0.914049 -0.0985964 0.393437 -0.405601 -0.225631 0.88576 0.00144016 -0.969207 -0.246229 -4.01456 11.0752 -8.56338 640 480
517.3 0 318.6 0 516.5 255.3 0 0 1 0.914206 -0.102865 0.391977 -0.405249 -0.233609 0.883851 0.000653216 -0.96687 -0.255253 -3.98738 11.7939 -7.86861 640 480
517.3 0 318.6 0 516.5 255.3 0 0 1 -0.988123 0.0464062 -0.145732 -0.151292 -0.156959 0.975882 0.0224063 0.986449 0.162244 -4.11865 10.8035 -7.82509 640 480
517.3 0 318.6 0 516.5 255.3 0 0 1 -0.987273 0.0510631 -0.14997 -0.155713 -0.138329 0.978012 0.0291892 0.989013 0.144631 -4.31994 10.0999 -8.50655 640 480
517.3 0 318.6 0 516.5 255.3 0 0 1 -0.98609 0.0504853 -0.157847 -0.161744 -0.085687 0.98306 0.0360997 0.994998 0.0927492 -4.5224 9.82182 -7.56766 640 480
517.3 0 318.6 0 516.5 255.3 0 0 1 -0.983979 0.0555392 -0.169049 -0.170699 -0.0263925 0.984937 0.0502373 0.998076 0.0355139 -4.65075 9.81622 -6.57598 640 480
517.3 0 318.6 0 516.5 255.3 0 0 1 -0.981825 0.0506979 -0.182602 -0.182629 0.00417352 0.983146 0.0506021 0.998679 0.00521394 -4.75482 9.4011 -7.47977 640 480
517.3 0 318.6 0 516.5 255.3 0 0 1 -0.981179 0.0429633 -0.188011 -0.185444 0.0575137 0.980947 0.0529547 0.997397 -0.0484195 -4.72525 9.22476 -6.49592 640 480
517.3 0 318.6 0 516.5 255.3 0 0 1 -0.978317 0.0215087 -0.205799 -0.202397 0.107356 0.973383 0.0430268 0.99397 -0.10064 -4.36331 9.22247 -5.56375 640 480
517.3 0 318.6 0 516.5 255.3 0 0 1 -0.974802 0.0109656 -0.222656 -0.218903 0.141823 0.96537 0.0421606 0.989817 -0.135821 -4.37871 8.22683 -5.65562 640 480
517.3 0 318.6 0 516.5 255.3 0 0 1 -0.9704 -0.00511952 -0.241338 -0.238221 0.181854 0.954022 0.0390014 0.983301 -0.177669 -4.19281 7.35185 -5.20864 640 480
517.3 0 318.6 0 516.5 255.3 0 0 1 -0.967133 -0.0286487 -0.25257 -0.251529 0.251254 0.93466 0.0366801 0.967489 -0.250186 -3.92199 8.19298 -4.74051 640 480
517.3 0 318.6 0 516.5 255.3 0 0 1 -0.959941 -0.046976 -0.276176 -0.27789 0.284464 0.917522 0.0354587 0.957529 -0.286111 -4.2176 8.50722 -5.64263 640 480
517.3 0 318.6 0 516.5 255.3 0 0 1 -0.953859 -0.0490191 -0.296188 -0.294206 0.349072 0.88971 0.0597769 0.935809 -0.34738 -3.73582 8.01004 -4.92106 640 480
517.3 0 318.6 0 516.5 255.3 0 0 1 -0.944092 -0.0768216 -0.320586 -0.321875 0.424925 0.846068 0.0712276 0.901961 -0.425891 -3.51683 8.48411 -4.06824 640 480
517.3 0 318.6 0 516.5 255.3 0 0 1 -0.920211 -0.120149 -0.372516 -0.375685 0.538199 0.754454 0.109841 0.834209 -0.540393 -3.42418 9.4398 -3.78882 640 480
517.3 0 318.6 0 516.5 255.3 0 0 1 -0.913132 -0.132975 -0.385358 -0.386692 0.581783 0.715539 0.129046 0.802399 -0.582664 -3.83375 9.68916 -4.66635 640 480
517.3 0 318.6 0 516.5 255.3 0 0 1 0.81782 0.204146 -0.538046 0.505905 -0.700658 0.503116 -0.27428 -0.683659 -0.67629 -3.36392 9.09453 -4.01391 640 480
517.3 0 318.6 0 516.5 255.3 0 0 1 0.828591 0.166753 -0.534444 0.489577 -0.678868 0.547212 -0.27157 -0.715067 -0.644141 -2.87475 9.02584 -3.14444 640 480
517.3 0 318.6 0 516.5 255.3 0 0 1 0.849256 0.118474 -0.514517 0.46046 -0.643013 0.611965 -0.258342 -0.756629 -0.600635 -3.21339 8.26871 -3.70307 640 480
517.3 0 318.6 0 516.5 255.3 0 0 1 0.860147 0.0888618 -0.502245 0.440382 -0.626159 0.643411 -0.257313 -0.774609 -0.577721 -2.82758 8.65687 -2.86613 640 480
517.3 0 318.6 0 516.5 255.3 0 0 1 0.869819 0.0579793 -0.489952 0.422526 -0.60026 0.679081 -0.254728 -0.797695 -0.546615 -2.5082 7.71201 -2.79394 640 480
517.3 0 318.6 0 516.5 255.3 0 0 1 0.877585 0.0259188 -0.47872 0.402287 -0.582972 0.705903 -0.260786 -0.812073 -0.522034 -2.12701 7.19087 -2.03032 640 480
517.3 0 318.6 0 516.5 255.3 0 0 1 0.888083 0.00131894 -0.459681 0.381864 -0.558813 0.736138 -0.255906 -0.829288 -0.496775 -2.44837 8.05717 -2.41274 640 480
517.3 0 318.6 0 516.5 255.3 0 0 1 -0.926781 0.373748 0.0361229 -0.256768 -0.700998 0.66528 0.273976 0.607322 0.745712 -2.18319 7.11093 -2.59792 640 480
517.3 0 318.6 0 516.5 255.3 0 0 1 -0.920814 0.38987 0.00562192 -0.278347 -0.667368 0.690711 0.273044 0.634476 0.723102 -2.89061 7.29311 -3.28079 640 480
517.3 0 318.6 0 516.5 255.3 0 0 1 -0.917122 0.398074 -0.0189746 -0.295406 -0.647081 0.702828 0.267504 0.650207 0.7111 -3.42046 8.04904 -3.66518 640 480
517.3 0 318.6 0 516.5 255.3 0 0 1 -0.91515 0.400772 -0.0427118 -0.307732 -0.626366 0.716182 0.260276 0.668578 0.696599 -4.02453 8.20389 -4.44691 640 480
517.3 0 318.6 0 516.5 255.3 0 0 1 -0.910853 0.405769 -0.0751468 -0.32752 -0.600041 0.72982 0.251049 0.68939 0.67949 -3.74827 7.30503 -4.78706 640 480
517.3 0 318.6 0 516.5 255.3 0 0 1 -0.909013 0.40347 -0.104209 -0.340296 -0.574399 0.744463 0.240512 0.712207 0.659475 -3.76957 6.40607 -5.22455 640 480
517.3 0 318.6 0 516.5 255.3 0 0 1 0.982015 -0.117971 -0.147405 -0.00916221 -0.809593 0.586899 -0.188578 -0.574994 -0.796113 -3.56444 5.43421 -5.10898 640 480
517.3 0 318.6 0 516.5 255.3 0 0 1 0.984417 -0.125065 -0.123617 -0.0223463 -0.786238 0.617501 -0.174422 -0.605116 -0.776781 -3.72451 4.51133 -5.45918 640 480
517.3 0 318.6 0 516.5 255.3 0 0 1 0.986677 -0.129582 -0.0983737 -0.0375083 -0.76954 0.637479 -0.15831 -0.625296 -0.764147 -3.65903 4.70535 -4.48039 640 480
517.3 0 318.6 0 516.5 255.3 0 0 1 0.986333 -0.143353 -0.0812184 -0.0552082 -0.75199 0.656843 -0.155237 -0.643382 -0.749627 -3.04556 4.9569 -3.73181 640 480
517.3 0 318.6 0 516.5 255.3 0 0 1 0.986145 -0.156523 -0.0549342 -0.0799679 -0.738701 0.669258 -0.145335 -0.655593 -0.740983 -3.11568 4.92738 -2.73472 640 480
517.3 0 318.6 0 516.5 255.3 0 0 1 0.985554 -0.16674 -0.029688 -0.0997175 -0.712971 0.694054 -0.136894 -0.681067 -0.719298 -3.02381 4.2265 -3.44205 640 480
517.3 0 318.6 0 516.5 255.3 0 0 1 0.983277 -0.181914 -0.00855563 -0.121732 -0.691465 0.712068 -0.135452 -0.699118 -0.702046 -2.84358 3.42097 -2.87758 640 480
517.3 0 318.6 0 516.5 255.3 0 0 1 0.980106 -0.197622 0.018395 -0.147636 -0.66396 0.733038 -0.132651 -0.721171 -0.679927 -2.34885 2.86487 -2.20976 640 480
517.3 0 318.6 0 516.5 255.3 0 0 1 -0.867677 0.318946 -0.381308 -0.375324 0.0826539 0.923197 0.325967 0.944158 0.0479987 -2.16093 1.94232 -1.87276 640 480
517.3 0 318.6 0 516.5 255.3 0 0 1 -0.862472 0.306786 -0.402505 -0.38643 0.114366 0.915197 0.326803 0.944879 0.0199204 -2.06363 0.951143 -1.7828 640 480
517.3 0 318.6 0 516.5 255.3 0 0 1 -0.856622 0.291684 -0.425566 -0.399155 0.147947 0.904865 0.326895 0.945001 -0.0103016 -1.89619 -0.0345803 -1.76534 640 480
517.3 0 318.6 0 516.5 255.3 0 0 1 -0.851947 0.277861 -0.443811 -0.409884 0.173544 0.895473 0.325838 0.944812 -0.0339538 -1.97377 -0.998578 -2.01968 640 480
517.3 0 318.6 0 516.5 255.3 0 0 1 -0.847567 0.269287 -0.457279 -0.415865 0.198248 0.887553 0.32966 0.942432 -0.0560363 -2.12185 -1.58078 -2.81912 640 480
517.3 0 318.6 0 516.5 255.3 0 0 1 -0.846871 0.255895 -0.466172 -0.419539 0.217178 0.881372 0.326781 0.941991 -0.0765595 -1.88589 -2.51417 -3.08948 640 480
517.3 0 318.6 0 516.5 255.3 0 0 1 -0.846325 0.241683 -0.474671 -0.425072 0.230584 0.875295 0.320995 0.942558 -0.0924118 -2.04309 -3.45804 -3.38001 640 480
517.3 0 318.6 0 516.5 255.3 0 0 1 -0.84272 0.229678 -0.486889 -0.433404 0.24703 0.866679 0.319333 0.941393 -0.10863 -2.07731 -3.69391 -4.35119 640 480
517.3 0 318.6 0 516.5 255.3 0 0 1 -0.841003 0.208333 -0.499301 -0.441471 0.269226 0.855931 0.312743 0.940272 -0.134443 -1.6387 -3.87513 -3.47098 640 480
517.3 0 318.6 0 516.5 255.3 0 0 1 -0.840705 0.190237 -0.506966 -0.449411 0.277123 0.849252 0.302051 0.941812 -0.14748 -1.15123 -3.97836 -2.60397 640 480
517.3 0 318.6 0 516.5 255.3 0 0 1 -0.835768 0.174925 -0.520466 -0.462287 0.287288 0.8389 0.296267 0.941734 -0.159237 -0.400319 -4.63828 -2.62906 640 480
517.3 0 318.6 0 516.5 255.3 0 0 1 -0.829479 0.164849 -0.533649 -0.474721 0.295318 0.82911 0.294274 0.941068 -0.166699 0.282285 -5.34463 -2.4417 640 480
517.3 0 318.6 0 516.5 255.3 0 0 1 -0.822734 0.155274 -0.5468 -0.486944 0.303724 0.818923 0.293233 0.940021 -0.174271 0.926586 -6.08056 -2.23366 640 480
517.3 0 318.6 0 516.5 255.3 0 0 1 -0.816212 0.154295 -0.556761 -0.49438 0.312139 0.811267 0.298961 0.937421 -0.178489 0.153825 -5.45707 -2.35239 640 480
517.3 0 318.6 0 516.5 255.3 0 0 1 -0.811501 0.159579 -0.562133 -0.498463 0.312986 0.808438 0.304949 0.936254 -0.174441 0.401576 -6.42584 -2.34236 640 480
517.3 0 318.6 0 516.5 255.3 0 0 1 -0.805998 0.156614 -0.570817 -0.509975 0.305805 0.803993 0.300475 0.939123 -0.166606 -0.224171 -5.64683 -2.30274 640 480
517.3 0 318.6 0 516.5 255.3 0 0 1 -0.805998 0.156614 -0.570817 -0.509975 0.305805 0.803993 0.300475 0.939123 -0.166606 -0.103543 -6.40453 -1.66139 640 480
